-1.799999999999999822e+00 4.200000000000000178e+00
-4.515537285266328915e-01 3.533668479389680872e+00
7.174193111122133537e-01 3.123502951150952889e+00
1.509704141348011230e+00 3.063186228710367942e+00
2.077158949268426369e+00 3.166554233261122508e+00
2.516077125616839716e+00 3.329744988659077531e+00
2.872860437144288959e+00 3.508509124629920706e+00
3.171612070121146321e+00 3.684336300967169908e+00
3.426451052685428156e+00 3.849664404367788340e+00
3.646571029134167752e+00 4.001795069220210443e+00
3.838455597384824003e+00 4.140258206025736243e+00
4.006940123318740277e+00 4.265600216259252342e+00
4.155770097457372358e+00 4.378800350031241351e+00
4.287921770099053731e+00 4.480981927133981024e+00
4.405801518904198133e+00 4.573269116905160914e+00
4.511378576474228908e+00 4.656718279032427965e+00
4.606278462485722258e+00 4.732288375366596966e+00
4.691851687894555312e+00 4.800831989291890700e+00
4.769225973136649976e+00 4.863097053994794194e+00
4.839346921177127392e+00 4.919733875433029979e+00
4.903010273662098406e+00 4.971304461668996311e+00
4.960887832429482280e+00 5.018292516256109614e+00
5.013548494979326975e+00 5.061113213922110887e+00
5.061475450232006068e+00 5.100122311070953707e+00
5.105080314018197285e+00 5.135624392002307914e+00
5.144714799433034003e+00 5.167880192415667651e+00
5.180680385331186244e+00 5.197113019325127148e+00
5.213236349040648143e+00 5.223514326908002658e+00
5.242606455927047548e+00 5.247248526377871869e+00
5.268984541824230483e+00 5.268457113874538855e+00
5.292539180007707955e+00 5.287262199115738248e+00
5.313417589228152771e+00 5.303769512483373028e+00
5.331748911168797456e+00 5.318070961316765377e+00
5.347646962973960250e+00 5.330246798638514250e+00
5.361212552054808178e+00 5.340367460027172442e+00
5.372535425335426496e+00 5.348495117249230546e+00
5.381695912782748614e+00 5.354684990757679230e+00
5.388766314941920932e+00 5.358986457328947850e+00
5.393812075859407251e+00 5.361443983951171610e+00
5.396892775889273963e+00 5.362097914563571877e+00
5.398062973178968882e+00 5.360985132329159519e+00
5.397372917905895129e+00 5.358139616742205291e+00
5.394869159412125192e+00 5.353592911967531620e+00
5.390595063120885655e+00 5.347374520322297542e+00
5.384591251400000722e+00 5.339512232688186977e+00
5.376895980270207431e+00 5.330032405833620146e+00
5.367545461962961895e+00 5.318960195087815812e+00
5.356574141749450568e+00 5.306319749502655725e+00
5.344014936137762461e+00 5.292134375530631374e+00
5.329899438425321101e+00 5.276426674308501319e+00
5.314258096662987541e+00 5.259218656841534667e+00
5.297120368306239335e+00 5.240531840710731082e+00
5.278514855172837805e+00 5.220387331356799443e+00
5.258469421775185282e+00 5.198805890514133665e+00
5.237011299632129635e+00 5.175807993962203923e+00
5.214167179775206051e+00 5.151413880419219105e+00
5.189963295336498916e+00 5.125643593113982988e+00
5.164425495829616963e+00 5.098517015328353885e+00
5.137579314503485151e+00 5.070053900997595342e+00
5.109450029954098582e+00 5.040273901283450542e+00
5.080062723016009585e+00 5.009196587889785945e+00
5.049442329818705666e+00 4.976841473769114899e+00
5.017613691778904261e+00 4.943228031766576436e+00
4.984601603204924736e+00 4.908375711663003571e+00
4.950430857110805327e+00 4.872303956008088299e+00
4.915126289773486867e+00 4.835032215076199513e+00
4.878712824514044755e+00 4.796579961229303635e+00
4.841215515142183179e+00 4.756966702932281521e+00
4.802659589470481549e+00 4.716211998634398661e+00
4.763070493280149087e+00 4.674335470705790030e+00
4.722473935102387443e+00 4.631356819598774877e+00
4.680895932168036566e+00 4.587295838389808367e+00
4.638362857872411205e+00 4.542172427848605309e+00
4.594901491101604840e+00 4.496006612175798445e+00
4.550539067770573709e+00 4.448818555549348019e+00
4.505303334931713088e+00 4.400628579622509307e+00
4.459222607825120477e+00 4.351457182122521417e+00
4.412325830257982417e+00 4.301325056709315753e+00
4.364642638720384937e+00 4.250253114267624532e+00
4.316203430668071661e+00 4.198262505824262192e+00
4.267039437428962856e+00 4.145374647305341220e+00
4.217182802219404003e+00 4.091611246376475108e+00
4.166666663787720992e+00 4.036994331643233735e+00
4.115525246236172663e+00 3.981546284530232072e+00
4.063793955607287067e+00 3.925289874206340013e+00
4.011509483855857816e+00 3.868248295982056550e+00
3.958709920862452325e+00 3.810445213674729104e+00
3.905434875176542420e+00 3.751904806520161006e+00
3.851725604205268105e+00 3.692651821307696203e+00
3.797625154584633123e+00 3.632711630533125735e+00
3.743178513480045488e+00 3.572110297503408471e+00
3.688432771557977663e+00 3.510874649493499255e+00
3.633437298344101674e+00 3.449032360253847074e+00
3.578243930628004055e+00 3.386612043403390171e+00
3.522907174480778281e+00 3.323643358524567049e+00
3.467484421307174713e+00 3.260157132112411205e+00
3.412036178143245113e+00 3.196185495929171783e+00
3.356626312114349364e+00 3.131762045790441817e+00
3.301322308563480856e+00 3.066922024371314670e+00
3.246195541817162855e+00 3.001702532285645653e+00
3.191321556840816420e+00 2.936142772473093299e+00
3.136780359105960425e+00 2.870284333842241242e+00
3.082656708799066614e+00 2.804171521177658555e+00
3.029040413990729874e+00 2.737851739534405748e+00
2.976026615492011196e+00 2.671375942718854368e+00
2.923716053786654445e+00 2.604799156980851293e+00
2.872215305578112332e+00 2.538181092690906748e+00
2.821636974071916271e+00 2.471586858487929916e+00
2.772099813089879294e+00 2.405087794053092587e+00
2.723728760484859457e+00 2.338762439121937931e+00
2.676654851159870674e+00 2.272697657324720844e+00
2.631014974462043021e+00 2.206989933551091188e+00
2.586951435139421385e+00 2.141746862208527169e+00
2.544611271947554876e+00 2.077088840210391307e+00
2.504145284185904430e+00 2.013150971760656383e+00
2.465706715098493707e+00 1.950085180688980513e+00
2.429449543769124364e+00 1.888062508650937499e+00
2.395526345887303954e+00 1.827275552173354356e+00
2.364085700922150313e+00 1.767940956530011487e+00
2.335269151318395409e+00 1.710301838398571306e+00
2.309207760511722718e+00 1.654629951793290310e+00
2.286018371991325626e+00 1.601227344400656616e+00
2.265799740345130431e+00 1.550427178724251620e+00
2.248628782810974336e+00 1.502593323236448564e+00
2.234557277186138613e+00 1.458118267229537413e+00
2.223609394318349697e+00 1.417418898938287652e+00
2.215780480989383072e+00 1.380929733413277072e+00
2.211037479423156871e+00 1.349093308090319354e+00
2.209321263272924885e+00 1.322347696382184745e+00
2.210550977727534949e+00 1.301111422696031861e+00
2.214630203539903253e+00 1.285766469866900463e+00
2.221454456889342843e+00 1.276640494692735439e+00
2.230919249159519779e+00 1.273989724228362208e+00
2.242927736613153478e+00 1.277984198563608675e+00
2.257396955997377219e+00 1.288696974489133007e+00
2.274261802750292993e+00 1.306098574307157367e+00
2.293476247633995602e+00 1.330057387955689618e+00
2.315011736550740107e+00 1.360346015255955887e+00
2.338853173675182084e+00 1.396652812499846075e+00
2.364993244536489847e+00 1.438597329272768732e+00
2.393426019665948257e+00 1.485747991393422840e+00
2.424140769462735712e+00 1.537640339926051425e+00
2.457116747881245900e+00 1.593794340385548125e+00
2.492319431841899302e+00 1.653729647644615275e+00
2.529698409424712580e+00 1.716978150569946848e+00
2.569186854287187849e+00 1.783093537697871156e+00
2.610702342483919303e+00 1.851657962143236746e+00
2.654148670765654305e+00 1.922286114538483970e+00
2.699418312499985539e+00 1.994627138670058031e+00
2.746395178070538012e+00 2.068364864230783251e+00
2.794957408251263598e+00 2.143216810205630818e+00
2.844980002127952101e+00 2.218932355693173708e+00
2.896337151812684141e+00 2.295290402537502938e+00
2.948904216441663007e+00 2.372096780040549913e+00
3.002559314456657802e+00 2.449181574642531611e+00
3.057184545860010871e+00 2.526396510810644536e+00
3.112666876743003463e+00 2.603612464495561607e+00
3.168898729422543692e+00 2.680717156673672719e+00
3.225778325563780413e+00 2.757613050104962493e+00
3.283209829000374835e+00 2.834215455649208071e+00
3.341103331421382716e+00 2.910450843518033182e+00
3.399374719036277970e+00 2.986255348156011902e+00
3.457945452703954814e+00 3.061573451791803180e+00
3.516742288429069774e+00 3.136356830115923700e+00
3.575696959951144560e+00 3.210563343308987072e+00
3.634745840562331409e+00 3.284156156248138281e+00
3.693829597355186234e+00 3.357102972801255358e+00
3.752892847815303412e+00 3.429375370436020809e+00
3.811883825986505325e+00 3.500948222766397944e+00
3.870754063279742585e+00 3.571799199034123795e+00
3.929458087294912971e+00 3.641908330820262663e+00
3.987953140703747401e+00 3.711257637471729431e+00
4.046198921233508550e+00 3.779830802797933043e+00
4.104157343035653938e+00 3.847612896542260685e+00
4.161792319169882681e+00 3.914590134967565582e+00
4.219069564539045025e+00 3.980749675623239003e+00
4.275956418339533549e+00 4.046079441994399950e+00
4.332421684916205606e+00 4.110567974282291814e+00
4.388435491808031941e+00 4.174204303039640962e+00
4.443969163722422344e+00 4.236977842795348614e+00
4.498995111168220262e+00 4.298878303158310210e+00
4.553486732498724265e+00 4.359895615198068342e+00
4.607418328158152221e+00 4.420019871167417236e+00
4.660765025980972531e+00 4.479241275864546346e+00
4.713502716458705777e+00 4.537550108135159022e+00
4.765607996959094983e+00 4.594936691192277323e+00
4.817058123955161086e+00 4.651391370586828167e+00
4.867830972394680877e+00 4.706904498798715863e+00
4.917905001412148813e+00 4.761466425538380953e+00
4.967259225654685473e+00 4.815067492955170891e+00
5.015873191559419908e+00 4.867698035042842264e+00
5.063726957982548349e+00 4.919348380615990557e+00
5.110801080638928795e+00 4.970008859305199422e+00
5.157076599865770383e+00 5.019669810084639749e+00
5.202535031274687860e+00 5.068321591904453527e+00
5.247158358903014630e+00 5.115954596052532111e+00
5.290929030518094045e+00 5.162559259916800869e+00
5.333829954767385750e+00 5.208126081860682710e+00
5.375844499902776796e+00 5.252645636961325692e+00
5.416956493839715669e+00 5.296108593393142883e+00
5.457150225340948957e+00 5.338505729268512745e+00
5.496410446140828299e+00 5.379827949773535956e+00
5.534722373849717769e+00 5.420066304459883355e+00
5.572071695499084321e+00 5.459212004574293786e+00
5.608444571606643336e+00 5.497256440325417159e+00
5.643827640657675282e+00 5.534191198003784784e+00
5.678208023913377644e+00 5.570008076884758630e+00
5.711573330470332444e+00 5.604699105856846053e+00
5.743911662506620885e+00 5.638256559728588968e+00
5.775211620660324563e+00 5.670672975176832331e+00
5.805462309495079687e+00 5.701941166307514131e+00
5.834653343015036242e+00 5.732054239807305329e+00
5.862774850198465337e+00 5.761005609670757366e+00
5.889817480525020521e+00 5.788789011492977643e+00
5.915772409476838689e+00 5.815398516322543010e+00
5.940631343997997860e+00 5.840828544073305650e+00
5.964386527900644275e+00 5.865073876497159056e+00
5.987030747209327153e+00 5.888129669722674819e+00
6.008557335437815894e+00 5.909991466366958157e+00
6.028960178795073510e+00 5.930655207230064896e+00
6.048233721318976741e+00 5.950117242583021770e+00
6.066372969938093718e+00 5.968374343061858767e+00
6.083373499463230694e+00 5.985423710181176027e+00
6.099231457511631760e+00 6.001262986481728845e+00
6.113943569367716435e+00 6.015890265327173303e+00
6.127507142785027838e+00 6.029304100365766139e+00
6.139920072734788903e+00 6.041503514673211228e+00
6.151180846106984568e+00 6.052488009593208318e+00
6.161288546370347063e+00 6.062257573292527013e+00
6.170242858198042413e+00 6.070812689047636823e+00
6.178044072066112946e+00 6.078154343280053773e+00
6.184693088831992647e+00 6.084284033357689303e+00
6.190191424300647505e+00 6.089203775179574230e+00
6.194541213785980105e+00 6.092916110561400700e+00
6.197745216675330404e+00 6.095424114439381036e+00
6.199806821004958834e+00 6.096731401910025383e+00
6.200730048054444943e+00 6.096842135123469397e+00
6.200519556968011159e+00 6.095761030048074680e+00
6.199180649410729771e+00 6.093493363124172113e+00
6.196719274267596944e+00 6.090044977824856431e+00
6.193142032393371466e+00 6.085422291141953544e+00
6.188456181420968427e+00 6.079632300015379798e+00
6.182669640636123454e+00 6.072682587724335335e+00
6.175790995925776627e+00 6.064581330258947744e+00
6.167829504807492924e+00 6.055337302691210510e+00
6.158795101546848727e+00 6.044959885564303192e+00
6.148698402369420002e+00 6.033459071319633438e+00
6.137550710773530760e+00 6.020845470781190478e+00
6.125364022949389309e+00 6.007130319717119527e+00
6.112151033309604742e+00 5.992325485498617432e+00
6.097925140135298960e+00 5.976443473876635437e+00
6.082700451341154668e+00 5.959497435897032958e+00
6.066491790361657976e+00 5.941501174975122090e+00
6.049314702159585444e+00 5.922469154150744153e+00
6.031185459356352752e+00 5.902416503545165227e+00
6.012121068482207065e+00 5.881359028041226011e+00
5.992139276342347998e+00 5.859313215208175052e+00
5.971258576492918912e+00 5.836296243492594016e+00
5.949498215818334046e+00 5.812325990696647793e+00
5.926878201198623408e+00 5.787421042764597345e+00
5.903419306252327026e+00 5.761600702898025617e+00
5.879143078136882750e+00 5.734885001019635276e+00
5.854071844384477252e+00 5.707294703604498309e+00
5.828228719746819664e+00 5.678851323896568104e+00
5.801637613017290640e+00 5.649577132526741430e+00
5.774323233793361432e+00 5.619495168546947639e+00
5.746311099135956724e+00 5.588629250892469535e+00
5.717627540075599590e+00 5.557003990281954131e+00
5.688299707907632730e+00 5.524644801561269247e+00
5.658355580210482572e+00 5.491577916493383782e+00
5.627823966511874332e+00 5.457830396991788291e+00
5.596734513517946041e+00 5.423430148789416982e+00
5.565117709809459967e+00 5.388405935528579604e+00
5.533004889897629397e+00 5.352787393249863079e+00
5.500428237519448871e+00 5.316605045249185757e+00
5.467420788039003554e+00 5.279890317262134758e+00
5.434016429806742821e+00 5.242675552923047988e+00
5.400249904313478844e+00 5.204994029433036573e+00
5.366156804959752336e+00 5.166879973355984923e+00
5.331773574244313529e+00 5.128368576444338522e+00
5.297137499158021789e+00 5.089496011377015350e+00
5.262286704551396355e+00 5.050299447269875230e+00
5.227260144225834182e+00 5.010817064794579778e+00
5.192097589480042963e+00 4.971088070714240637e+00
5.156839614825157625e+00 4.931152711613753681e+00
5.121527580564414706e+00 4.891052286569040675e+00
5.086203611916674916e+00 4.850829158462373059e+00
5.050910574348041138e+00 4.810526763610464052e+00
5.015692044762805502e+00 4.770189619328119690e+00
4.980592278194616362e+00 4.729863329002910177e+00
4.945656169631974741e+00 4.689594584205734940e+00
4.910929210609454643e+00 4.649431163308706871e+00
4.876457440198576521e+00 4.609421926025709659e+00
4.842287390040742601e+00 4.569616803233193636e+00
4.808466023080089080e+00 4.530066781369881390e+00
4.775040665677625640e+00 4.490823880655381295e+00
4.742058932820301109e+00 4.451941126310551056e+00
4.709568646180938067e+00 4.413472511908659968e+00
4.677617744837758273e+00 4.375472953937977749e+00
4.646254188526409479e+00 4.337998236616027015e+00
4.615525853373338983e+00 4.301104945966044646e+00
4.585480420147210801e+00 4.264850392150718150e+00
4.556165255164755123e+00 4.229292519060407152e+00
4.527627284098302063e+00 4.194489800176899763e+00
4.499912859053265102e+00 4.160501119783392099e+00
4.473067619413602536e+00 4.127385638670936885e+00
4.447136347089361230e+00 4.095202643605478698e+00
4.422162816940468311e+00 4.064011379971298688e+00
4.398189643291456008e+00 4.033870867199777166e+00
4.375258123589180315e+00 4.004839696829200157e+00
4.353408080385645640e+00 3.976975813323102127e+00
4.332677702946221565e+00 3.950336278101114207e+00
4.313103389885427852e+00 3.924977017605343566e+00
4.294719594313444411e+00 3.900952556632522494e+00
4.277558673032513248e+00 3.878315738600764284e+00
4.261650741349973792e+00 3.857117434880222628e+00
4.247023535070830746e+00 3.837406245787276404e+00
4.233702281196303652e+00 3.819228196307153489e+00
4.221709578784925476e+00 3.802626430053420048e+00
4.211065291330741367e+00 3.787640905375838862e+00
4.201786451881424078e+00 3.774308097870868295e+00
4.193887181961130750e+00 3.762660713812310487e+00
4.187378625184140724e+00 3.752727419184216373e+00
4.182268896250943335e+00 3.744532589048056526e+00
4.178563045815462118e+00 3.738096081898297562e+00
4.176263041506637741e+00 3.733433043446411581e+00
4.175367765186039470e+00 3.730553743920459908e+00
4.175873026331205828e+00 3.729463452478622099e+00
4.177771591256306039e+00 3.730162351720816893e+00
4.181053227721016619e+00 3.732645494558704868e+00
4.185704764336930950e+00 3.736902804893355690e+00
4.191710164058884303e+00 3.742919122678662003e+00
4.199050610945690210e+00 3.750674293047518759e+00
4.207704609289129927e+00 3.760143298279681634e+00
4.217648094139386572e+00 3.771296430527037113e+00
4.228854552197014449e+00 3.784099502414874472e+00
4.241295151993346835e+00 3.798514091933694825e+00
4.254938882241145137e+00 3.814497817447657813e+00
4.269752697203845315e+00 3.832004638189441703e+00
4.285701667904323386e+00 3.850985175297070739e+00
4.302749137973014726e+00 3.871387048279471887e+00
4.320856882921051856e+00 3.893155221771009256e+00
4.339985271618560070e+00 3.916232357542036358e+00
4.360093428762628065e+00 3.940559166958951920e+00
4.381139397135611624e+00 3.966074759415821216e+00
4.403080298483780908e+00 3.992716982670504677e+00
4.425872491889536242e+00 4.020422751490495550e+00
4.449471728568361151e+00 4.049128361526010522e+00
4.473833302093638054e+00 4.078769785860604458e+00
4.498912193137820204e+00 4.109282952224011076e+00
4.524663207915388341e+00 4.140603999372473254e+00
4.551041109619575309e+00 4.172669511635181294e+00
4.578000742258507394e+00 4.205416731081220050e+00
4.605497146414242238e+00 4.238783747172449878e+00
4.633485666567674244e+00 4.272709664128909068e+00
4.661922049750339525e+00 4.307134746542672588e+00
4.690762535398365074e+00 4.342000544033172815e+00
4.719963936391959436e+00 4.377249995943202521e+00
4.749483711363789773e+00 4.412827517233353092e+00
4.779280028450033413e+00 4.448679066846785268e+00
4.809311820737795173e+00 4.484752199890839286e+00
4.839538833730967937e+00 4.520996105021653833e+00
4.869921665213670536e+00 4.557361628427554656e+00
4.900421797935818446e+00 4.593801285791521138e+00
4.931001625579784609e+00 4.630269263576887617e+00
4.961624472491087623e+00 4.666721410928048819e+00
4.992254607670191469e+00 4.703115223413183443e+00
5.022857253528139942e+00 4.739409819762174791e+00
5.053398589906546334e+00 4.775565912673211955e+00
5.083845753853554861e+00 4.811545774678343435e+00
5.114166835633108477e+00 4.847313199973839026e+00
5.144330871425689011e+00 4.882833463037265176e+00
5.174307833156181147e+00 4.918073274771010972e+00
5.204068615859071656e+00 4.953000736832899875e+00
5.233585022963962885e+00 4.987585294739091069e+00
5.262829749855941763e+00 5.021797690253363200e+00
5.291776366036227586e+00 5.055609913510566322e+00
5.320399296179581405e+00 5.088995155260454872e+00
5.348673800356237074e+00 5.121927759561707205e+00
5.376575953658307760e+00 5.154383177204334920e+00
5.404082625443927590e+00 5.186337920092036313e+00
5.431171458386839568e+00 5.217769516773994809e+00
5.457820847495315597e+00 5.248656469278002668e+00
5.484009919241814579e+00 5.278978211363458684e+00
5.509718510924111357e+00 5.308715068283190952e+00
5.534927150359645331e+00 5.337848218117296817e+00
5.559617035997383105e+00 5.366359654719629724e+00
5.583770017515882422e+00 5.394232152298080507e+00
5.607368576962057816e+00 5.421449231633224564e+00
5.630395810472586859e+00 5.447995127925626235e+00
5.652835410608823885e+00 5.473854760250340235e+00
5.674671649326184841e+00 5.499013702587207675e+00
5.695889361590627864e+00 5.523458156387563989e+00
5.716473929647409413e+00 5.547174924631504744e+00
5.736411267941077696e+00 5.570151387324847825e+00
5.755687808680471917e+00 5.592375478381130804e+00
5.774290488038040792e+00 5.613835663831314271e+00
5.792206732969299665e+00 5.634520921302043739e+00
5.809424448635363447e+00 5.654420720702413306e+00
5.825932006409311192e+00 5.673525006058847353e+00
5.841718232445513692e+00 5.691824178438062098e+00
5.856772396789870605e+00 5.709309079898860162e+00
5.871084203008267721e+00 5.725970978414680168e+00
5.884643778310136852e+00 5.741801553710411454e+00
5.897441664144064788e+00 5.756792883958695484e+00
5.909468807242610922e+00 5.770937433283041429e+00
5.920716551093957669e+00 5.784228040017163508e+00
5.931176627818739888e+00 5.796657905672242705e+00
5.940841150431157125e+00 5.808220584566235800e+00
5.949702605464430860e+00 5.818909974071599933e+00
5.957753845941745396e+00 5.828720305440418414e+00
5.964988084674861746e+00 5.837646135168126804e+00
5.971398887873779593e+00 5.845682336859578498e+00
5.976980169052027669e+00 5.852824093563432584e+00
5.981726183213308623e+00 5.859066890543166650e+00
5.985631521306559399e+00 5.864406508455266120e+00
5.988691104937559295e+00 5.868839016907252848e+00
5.990900181326545670e+00 5.872360768370322504e+00
5.992254318502398647e+00 5.874968392423326691e+00
5.992749400725126740e+00 5.876658790306745317e+00
5.992381624129570206e+00 5.877429129767119065e+00
5.991147492584252277e+00 5.877276840174133987e+00
5.989043813760474677e+00 5.876199607894180943e+00
5.986067695407708555e+00 5.874195371905787333e+00
5.982216541832376500e+00 5.871262319643752114e+00
5.977488050578139145e+00 5.867398883060256587e+00
5.971880209306630327e+00 5.862603734892461560e+00
5.965391292878664764e+00 5.856875785127394707e+00
5.958019860636698972e+00 5.850214177656065218e+00
5.949764753890280922e+00 5.842618287109813124e+00
5.940625093607087237e+00 5.834087715872980695e+00
5.930600278312940787e+00 5.824622291266904561e+00
5.919689982205102119e+00 5.814222062901169608e+00
5.907894153483948863e+00 5.802887300188943165e+00
5.895213012908944172e+00 5.790618490023945242e+00
5.881647052585718072e+00 5.777416334617488936e+00
5.867197034991890270e+00 5.763281749494663764e+00
5.851863992250131652e+00 5.748215861649490499e+00
5.835649225657908445e+00 5.732220007859534228e+00
5.818554305484187061e+00 5.715295733161078751e+00
5.800581071044464743e+00 5.697444789486669769e+00
5.781731631066358901e+00 5.678669134467338786e+00
5.762008364359159529e+00 5.658970930402543509e+00
5.741413920801823778e+00 5.638352543401371264e+00
5.719951222665038415e+00 5.616816542699199388e+00
5.697623466284322369e+00 5.594365700154599885e+00
5.674434124102401000e+00 5.571002989931905347e+00
5.650386947100619395e+00 5.546731588375486410e+00
5.625485967640656781e+00 5.521554874082462483e+00
5.599735502739493498e+00 5.495476428181246042e+00
5.573140157802457750e+00 5.468500034824092637e+00
5.545704830841025057e+00 5.440629681902557024e+00
5.517434717204298344e+00 5.411869561995634292e+00
5.488335314855335767e+00 5.382224073561265421e+00
5.458412430225996204e+00 5.351697822382816661e+00
5.427672184686756829e+00 5.320295623283268327e+00
5.396121021670859719e+00 5.288022502120950818e+00
5.363765714495441372e+00 5.254883698081974863e+00
5.330613374925774473e+00 5.220884666285895648e+00
5.296671462532596131e+00 5.186031080722680819e+00
5.261947794896720154e+00 5.150328837540781635e+00
5.226450558719611728e+00 5.113784058708013447e+00
5.190188321903667301e+00 5.076403096069025622e+00
5.153170046671284865e+00 5.038192535825574581e+00
5.115405103797717956e+00 4.999159203468339641e+00
5.076903288039217088e+00 4.959310169192080231e+00
5.037674834844841243e+00 4.918652753829137581e+00
4.997730438448057200e+00 4.877194535340069415e+00
4.957081271442469905e+00 4.834943355904333551e+00
4.915739005955057195e+00 4.791907329658648074e+00
4.873715836540077895e+00 4.748094851135983951e+00
4.831024504927414753e+00 4.703514604464131388e+00
4.787678326770602233e+00 4.658175573389570445e+00
4.743691220552244125e+00 4.612087052200144477e+00
4.699077738817860173e+00 4.565258657628736394e+00
4.653853101923676405e+00 4.517700341830198418e+00
4.608033234499307795e+00 4.469422406535119130e+00
4.561634804842820579e+00 4.420435518497084715e+00
4.514675267483290177e+00 4.370750726364934557e+00
4.467172909164556671e+00 4.320379479128630074e+00
4.419146898523582223e+00 4.269333646306922248e+00
4.370617339757223441e+00 4.217625540067643009e+00
4.321605330592467986e+00 4.165267939497351968e+00
4.272133024896814568e+00 4.112274117267154416e+00
4.222223700287171866e+00 4.058657868976180083e+00
4.171901831117074799e+00 4.004433545494334723e+00
4.121193167242267918e+00 3.949616088672566860e+00
4.070124818983253512e+00 3.894221070842884380e+00
4.018725348718794166e+00 3.838264738593194725e+00
3.967024869555497713e+00 3.781764061375119113e+00
3.915055151523402888e+00 3.724736785588012467e+00
3.862849735743738577e+00 3.667201494881549451e+00
3.810444056999744422e+00 3.609177677534757045e+00
3.757875575110953381e+00 3.550685801904061467e+00
3.705183915461009114e+00 3.491747401089802860e+00
3.652411018953248600e+00 3.432385168153416100e+00
3.599601301559910649e+00 3.372623063429958989e+00
3.546801823481251947e+00 3.312486435727469036e+00
3.494062467729853960e+00 3.252002159490335220e+00
3.441436127690270741e+00 3.191198790333732216e+00
3.388978902860127818e+00 3.130106741735189324e+00
3.336750301538342622e+00 3.068758486102318717e+00
3.284813448668887581e+00 3.007188783926673992e+00
3.233235296351619770e+00 2.945434945284649775e+00
3.182086833669214077e+00 2.883537128556902474e+00
3.131443291424153230e+00 2.821538681902083123e+00
3.081384336103375698e+00 2.759486533726638768e+00
3.031994245864431559e+00 2.697431639116310897e+00
2.983362059543975153e+00 2.635429489898414968e+00
2.935581687615099966e+00 2.573540696627193203e+00
2.888751971670583618e+00 2.511831651237638852e+00
2.842976676416446580e+00 2.450375279268565798e+00
2.798364395398808657e+00 2.389251890233049735e+00
2.755028348887798462e+00 2.328550133670634903e+00
2.713086049716092685e+00 2.268368066328569466e+00
2.672658810729515277e+00 2.208814332376782819e+00
2.633871066293416607e+00 2.150009453054466224e+00
2.596849480599178861e+00 2.092087214074331403e+00
2.561721818074785606e+00 2.035196127808390987e+00
2.528615556910088547e+00 1.979500932074991892e+00
2.497656236538561281e+00 1.925184067673939792e+00
2.468965544830848735e+00 1.872447052385940225e+00
2.442659171495169979e+00 1.821511640210734306e+00
2.418844480994268409e+00 1.772620622281694480e+00
2.397618090549622938e+00 1.726038092548634717e+00
2.379063474570202175e+00 1.682048971012617855e+00
2.363248752451591717e+00 1.640957556006299223e+00
2.350224846519878508e+00 1.603084872617210888e+00
2.340024213523321794e+00 1.568764606036621378e+00
2.332660348065533462e+00 1.538337465526829595e+00
2.328128221858828173e+00 1.512143923682056634e+00
2.326405753717927016e+00 1.490515418272892578e+00
2.327456302575667380e+00 1.473764283317681612e+00
2.331232048327021467e+00 1.462172874464267469e+00
2.337677990784977400e+00 1.455982542779600486e+00
2.346736180455864407e+00 1.455383254542715221e+00
2.358349723571244727e+00 1.460504715969511480e+00
2.372466100322655258e+00 1.471409813401270750e+00
2.389039409497751620e+00 1.488091012465839524e+00
2.408031297050552855e+00 1.510470089781810410e+00
2.429410515180465691e+00 1.538401237549539502e+00
2.453151254932016023e+00 1.571677240238379625e+00
2.479230559937398048e+00 1.610038131173793685e+00
2.507625231340310901e+00 1.653181540670683569e+00
2.538308660255273796e+00 1.700773869498422020e+00
2.571247978844976245e+00 1.752461459315778347e+00
2.606401823450657851e+00 1.807881061306243486e+00
2.643718879794128451e+00 1.866669089373718560e+00
2.683137257246223761e+00 1.928469346851422683e+00
2.724584636393261317e+00 1.992939104067604550e+00
2.767979062544188018e+00 2.059753557526591283e+00
2.813230219694714318e+00 2.128608810672660834e+00
2.860241010709510867e+00 2.199223581457200094e+00
2.908909282538352237e+00 2.271339869657120314e+00
2.959129561715029499e+00 2.344722816406088040e+00
3.010794697687625199e+00 2.419159969336406313e+00
3.063797344015020130e+00 2.494460137462414462e+00
3.118031236484841706e+00 2.570451986873892647e+00
3.173392250895784361e+00 2.646982495808626545e+00
3.229779241076263574e+00 2.723915358324277669e+00
3.287094670026337706e+00 2.801129400827714111e+00
3.345245054686311281e+00 2.878517055455916296e+00
3.404141248743944193e+00 2.955982918484231892e+00
3.463698589069822198e+00 3.033442410017632263e+00
3.523836930676168322e+00 3.110820542541702149e+00
3.584480593225154443e+00 3.188050799817703673e+00
3.645558239600177775e+00 3.265074123509024151e+00
3.707002704279110272e+00 3.341838002323664014e+00
3.768750786470156822e+00 3.418295656942583527e+00
3.830743020350662942e+00 3.494405313258707846e+00
3.892923432377723536e+00 3.570129556233403001e+00
3.955239293557643254e+00 3.645434756807259813e+00
4.017640872777766603e+00 3.720290564648513154e+00
4.080081195805371763e+00 3.794669459994120864e+00
4.142515813320819085e+00 3.868546358370715144e+00
4.204902580345386554e+00 3.941898262532974595e+00
4.267201448617390369e+00 4.014703956497934989e+00
4.329374272832697379e+00 4.086943737068057914e+00
4.391384631169628072e+00 4.158599178714850630e+00
4.453197660138935809e+00 4.229652928133294409e+00
4.514779903514988035e+00 4.300088525175074672e+00
4.576099174896719468e+00 4.369890247226026148e+00
4.637124433300184201e+00 4.439042974413003328e+00
4.697825671086459209e+00 4.507532073310390075e+00
4.758173813468395963e+00 4.575343297069657922e+00
4.818140628808656345e+00 4.642462700120526087e+00
4.877698648913000312e+00 4.708876565791811686e+00
4.936821098531035013e+00 4.774571345377498943e+00
4.995481833297269247e+00 4.839533607330996468e+00
5.053655285374925477e+00 4.903749995410803919e+00
5.111316416100522453e+00 4.967207194725557606e+00
5.168440674966912063e+00 5.029891904737802122e+00
5.225003964324230310e+00 5.091790818385354633e+00
5.280982609221025470e+00 5.152890606568043985e+00
5.336353331850515858e+00 5.213177907327449567e+00
5.391093230108989331e+00 5.272639319118651358e+00
5.445179759813851383e+00 5.331261397637419464e+00
5.498590720167960022e+00 5.389030655723832552e+00
5.551304242093734409e+00 5.445933565915377805e+00
5.603298779095432280e+00 5.501956565269317423e+00
5.654553100340624638e+00 5.557086062116070480e+00
5.705046285682240814e+00 5.611308444443428911e+00
5.754757722370814399e+00 5.664610089645341517e+00
5.803667103232357682e+00 5.716977375399829420e+00
5.851754426111282825e+00 5.768396691468080206e+00
5.898999994399402702e+00 5.818854452231613905e+00
5.945384418492120737e+00 5.868337109806665453e+00
5.990888618030784762e+00 5.916831167594867935e+00
6.035493824806576590e+00 5.964323194147240770e+00
6.079181586216097166e+00 6.010799837234389820e+00
6.121933769171949535e+00 6.056247838030208719e+00
6.163732564383598955e+00 6.100654045328957942e+00
6.204560490934417416e+00 6.144005429727074308e+00
6.244400401090251407e+00 6.186289097710953477e+00
6.283235485283335642e+00 6.227492305600959455e+00
6.321049277222783758e+00 6.267602473309733746e+00
6.357825659089537673e+00 6.306607197879797511e+00
6.393548866779484641e+00 6.344494266771596003e+00
6.428203495163526071e+00 6.381251670878390847e+00
6.461774503337851527e+00 6.416867617249193856e+00
6.494247219841682295e+00 6.451330541504863625e+00
6.525607347822954374e+00 6.484629119936169417e+00
6.555840970135617951e+00 6.516752281275557834e+00
6.584934554354573422e+00 6.547689218137059619e+00
6.612874957696566192e+00 6.577429398121052984e+00
6.639649431837245430e+00 6.605962574582425972e+00
6.665245627616156909e+00 6.633278797062454046e+00
6.689651599622916223e+00 6.659368421385960524e+00
6.712855810658868272e+00 6.684222119426622477e+00
6.734847136069648244e+00 6.707830888544136450e+00
6.755614867944739643e+00 6.730186060697831429e+00
6.775148719181022905e+00 6.751279311241964010e+00
6.793438827407725533e+00 6.771102667408452014e+00
6.810475758770772714e+00 6.789648516483283380e+00
6.826250511574936120e+00 6.806909613683123972e+00
6.840754519782480614e+00 6.822879089738999703e+00
6.853979656367325646e+00 6.837550458194067815e+00
6.865918236524006346e+00 6.850917622422778130e+00
6.876563020730862341e+00 6.862974882378740205e+00
6.885907217667116775e+00 6.873716941078840570e+00
6.893944486983611952e+00 6.883138910831185342e+00
6.900668941927096789e+00 6.891236319214494088e+00
6.906075151818212632e+00 6.898005114816825767e+00
6.910158144383239609e+00 6.903441672741339019e+00
6.912913407939924149e+00 6.907542799887130158e+00
6.914336893437835307e+00 6.910305740013140685e+00
6.914425016353654030e+00 6.911728178593278926e+00
6.913174658442173381e+00 6.911808247471119770e+00
6.910583169343662568e+00 6.910544529322542928e+00
6.906648368048581510e+00 6.907936061935089356e+00
6.901368544220694012e+00 6.903982342312788845e+00
6.894742459379759936e+00 6.898683330615662079e+00
6.886769347945326913e+00 6.892039453943310967e+00
6.877448918143079126e+00 6.884051609972323682e+00
6.866781352775680247e+00 6.874721170457672947e+00
6.854767309860061886e+00 6.864049984608595167e+00
6.841407923133473901e+00 6.852040382350031322e+00
6.826704802430834107e+00 6.838695177481161735e+00
6.810660033936209778e+00 6.824017670743145025e+00
6.793276180311557333e+00 6.808011652808879433e+00
6.774556280706194755e+00 6.790681407208245979e+00
6.754503850650795727e+00 6.772031713203080727e+00
6.733122881840170493e+00 6.752067848627072877e+00
6.710417841809352524e+00 6.730795592706564356e+00
6.686393673508117530e+00 6.708221228879417630e+00
6.661055794779409567e+00 6.684351547630133616e+00
6.634410097747688972e+00 6.659193849360620199e+00
6.606462948123836831e+00 6.632755947317496847e+00
6.577221184433685863e+00 6.605046170598035005e+00
6.546692117178042558e+00 6.576073367258672420e+00
6.514883527932634699e+00 6.545846907551569061e+00
6.481803668397176033e+00 6.514376687316679515e+00
6.447461259403620026e+00 6.481673131558840950e+00
6.411865489894374548e+00 6.447747198241524202e+00
6.375026015882359509e+00 6.412610382331514813e+00
6.336952959405685704e+00 6.376274720131203111e+00
6.297656907490861933e+00 6.338752793938250640e+00
6.257148911139723602e+00 6.300057737075428932e+00
6.215440484356449247e+00 6.260203239336878944e+00
6.172543603232627518e+00 6.219203552900804510e+00
6.128470705109797301e+00 6.177073498762602810e+00
6.083234687840699983e+00 6.133828473746938847e+00
6.036848909172372935e+00 6.089484458162096381e+00
5.989327186276321768e+00 6.044058024165133602e+00
5.940683795453371552e+00 5.997566344912230285e+00
5.890933472043379027e+00 5.950027204574776185e+00
5.840091410572844310e+00 5.901459009308592130e+00
5.788173265176768112e+00 5.851880799271214073e+00
5.735195150334540415e+00 5.801312261790120495e+00
5.681173641963794374e+00 5.749773745793755886e+00
5.626125778920565423e+00 5.697286277626756323e+00
5.570069064959166205e+00 5.643871578381198795e+00
5.513021471210915792e+00 5.589552082887254691e+00
5.455001439247201489e+00 5.534350960518709783e+00
5.396027884799694085e+00 5.478292137982506915e+00
5.336120202218710418e+00 5.421400324275754024e+00
5.275298269760076764e+00 5.363701038009477173e+00
5.213582455801562432e+00 5.305220637315287036e+00
5.150993626101987743e+00 5.245986352569286026e+00
5.087553152230147369e+00 5.186026322187212934e+00
5.023282921306562621e+00 5.125369631765490652e+00
4.958205347219385217e+00 5.064046356865155474e+00
4.892343383496954523e+00 5.002087609759013453e+00
4.825720538043740682e+00 4.939525590486869788e+00
4.758360889974641239e+00 4.876393642589262889e+00
4.690289108815179020e+00 4.812726313916229515e+00
4.621530476372972984e+00 4.748559422934133245e+00
4.552110911629923429e+00 4.683930130979725881e+00
4.482056999055834545e+00 4.618877020935709510e+00
4.411396020803977081e+00 4.553440182825163163e+00
4.340155993319140038e+00 4.487661306841827624e+00
4.268365708970457639e+00 4.421583784347729917e+00
4.196054783417214828e+00 4.355252817376793928e+00
4.123253709528282407e+00 4.288715537179784931e+00
4.049993918807666127e+00 4.222021132328769077e+00
3.976307851433554141e+00 4.155220986863342958e+00
3.902229036199959200e+00 4.088368828900383889e+00
3.827792181863244547e+00 4.021520890036781815e+00
3.753033281645853148e+00 3.954736075741040580e+00
3.677989732942005041e+00 3.888076146744166905e+00
3.602700474611858272e+00 3.821605911188411309e+00
3.527206144648320496e+00 3.755393426958180125e+00
3.451549261461761997e+00 3.689510213180442033e+00
3.375774432559516480e+00 3.624031469318429011e+00
3.299928595005217069e+00 3.559036299565047301e+00
3.224061292732552708e+00 3.494607939338723934e+00
3.148224996559278566e+00 3.430833979559340996e+00
3.072475473595623896e+00 3.367806582996432763e+00
2.996872213652104211e+00 3.305622685295952934e+00
2.921478921196541290e+00 3.244384171267860939e+00
2.846364082340068880e+00 3.184198014622256601e+00
2.771601617167938958e+00 3.125176366559886620e+00
2.697271628353722583e+00 3.067436575460484427e+00
2.623461257229401600e+00 3.011101116417262524e+00
2.550265658080222320e+00 2.956297405646484133e+00
2.477789100049733406e+00 2.903157471052862704e+00
2.406146203219987623e+00 2.851817446770484210e+00
2.335463310584140473e+00 2.802416856797841582e+00
2.265879990021277379e+00 2.755097651571442263e+00
2.197550649150148416e+00 2.710002962368960766e+00
2.130646230127435370e+00 2.667275542928059018e+00
2.065355930127015238e+00 2.627055876945978863e+00
2.001888865646855198e+00 2.589479945629935997e+00
1.940475564687172527e+00 2.554676672548479743e+00
1.881369130885706342e+00 2.522765094611809644e+00
1.824845880002373688e+00 2.493851348085555752e+00
1.771205205911223546e+00 2.468025605570316472e+00
1.720768397315028730e+00 2.445359150070370635e+00
1.673876107483809772e+00 2.425901819032854956e+00
1.630884189698969644e+00 2.409680085010453165e+00
1.592157664157130004e+00 2.396696048518731192e+00
1.558062689618929575e+00 2.386927590366893170e+00
1.528956581107763002e+00 2.380329855531873928e+00
1.505176138879907644e+00 2.376838115629065218e+00
1.487024814203274925e+00 2.376371890298294431e+00
1.474759498174039285e+00 2.378840020917352138e+00
1.468577931485278931e+00 2.384146216848864963e+00
1.468607842128724528e+00 2.392194475074471693e+00
1.474898880661701384e+00 2.402893744540365528e+00
1.487418220126407897e+00 2.416161286466190106e+00
1.506050336862098549e+00 2.431924365336828320e+00
1.530601042667715461e+00 2.450120159026634159e+00
1.560805376721351001e+00 2.470694047495360479e+00
1.596338571039518595e+00 2.493596670055145736e+00
1.636829042455433036e+00 2.518780285850788392e+00
1.681872269940555276e+00 2.546195009849771651e+00
1.731044483019605451e+00 2.575785433930612101e+00
1.783915278040959063e+00 2.607488008062295304e+00
1.840058540292589306e+00 2.641229388963045821e+00
1.899061326611101386e+00 2.676925800270702371e+00
1.960530611663039879e+00 2.714483316215828168e+00
2.024097995019749963e+00 2.753798893551108407e+00
2.089422596064710369e+00 2.794761935133386999e+00
2.156192433333961933e+00 2.837256165588832424e+00
2.224124605526492715e+00 2.881161623354790091e+00
2.292964577438093787e+00 2.926356612152373415e+00
2.362484839156682614e+00 2.972719498636472224e+00
2.432483162169559954e+00 3.020130284565212264e+00
2.502780629566883519e+00 3.068471917232870272e+00
2.573219574295493306e+00 3.117631329410251340e+00
2.643661522050440915e+00 3.167500219579303167e+00
2.713985204817522146e+00 3.217975595754900553e+00
2.784084687160395699e+00 3.268960113011631030e+00
2.853867629356996893e+00 3.320362237412790130e+00
2.923253698464876482e+00 3.372096268676050723e+00
2.992173129333054238e+00 3.424082251681964895e+00
3.060565431562003003e+00 3.476245803664427925e+00
3.128378234662456681e+00 3.528517880211425872e+00
3.195566261545721432e+00 3.580834499450567421e+00
3.262090419500389249e+00 3.633136440248450061e+00
3.327916997601454430e+00 3.685368927053866983e+00
3.393016959784432629e+00 3.737481311225180125e+00
3.457365323404099300e+00 3.789426756312809008e+00
3.520940613848356993e+00 3.841161932798369705e+00
3.583724386600045886e+00 3.892646726186630435e+00
3.645700808972904827e+00 3.943843961059354530e+00
3.706856294554050635e+00 3.994719142685685842e+00
3.767179184142600779e+00 4.045240216997886051e+00
3.826659467670508796e+00 4.095377349143000778e+00
3.885288542223341413e+00 4.145102720376264926e+00
3.943059001845636402e+00 4.194390342739279909e+00
3.999964455320410561e+00 4.243215890740779983e+00
4.055999368560145868e+00 4.291556549108621610e+00
4.111158928641796884e+00 4.339390875591126573e+00
4.165438926866830371e+00 4.386698677740890950e+00
4.218835658534032085e+00 4.433460902602544884e+00
4.271345837382585664e+00 4.479659538239773475e+00
4.322966522900433262e+00 4.525277526068530065e+00
4.373695058902074884e+00 4.570298683007663065e+00
4.423529021964260899e+00 4.614707632510934410e+00
4.472466178470740239e+00 4.658489743602108213e+00
4.520504449160978488e+00 4.701631077095254518e+00
4.567641880205091098e+00 4.744118338243666244e+00
4.613876619939843771e+00 4.785938835121184454e+00
4.659206900500778126e+00 4.827080442098920621e+00
4.703631023674359923e+00 4.867531567836798523e+00
4.747147350373106534e+00 4.907281127263213527e+00
4.789754293207111324e+00 4.946318517066987219e+00
4.831450311688000987e+00 4.984633594272945167e+00
4.872233909657312623e+00 5.022216657516787919e+00
4.912103634581120204e+00 5.059058430675616336e+00
4.951058078397053031e+00 5.095150048547888666e+00
4.989095879639616093e+00 5.130483044311168861e+00
5.026215726604871037e+00 5.165049338517043509e+00
5.062416361347004568e+00 5.198841229411423015e+00
5.097696584327319869e+00 5.231851384393936044e+00
5.132055259560934779e+00 5.264072832453569717e+00
5.165491320128706931e+00 5.295498957438668164e+00
5.198003773941263894e+00 5.326123492038039586e+00
5.229591709659502818e+00 5.355940512366922590e+00
5.260254302691148354e+00 5.384944433066293001e+00
5.289990821196454363e+00 5.413130002837513111e+00
5.318800632047989474e+00 5.440492300345969312e+00
5.346683206699914592e+00 5.467026730437776649e+00
5.373638126931207459e+00 5.492729020622810765e+00
5.399665090435264325e+00 5.517595217785323136e+00
5.424763916235194827e+00 5.541621685090438731e+00
5.448934549910227076e+00 5.564805099060980531e+00
5.472177068623611085e+00 5.587142446804286067e+00
5.494491685947023640e+00 5.608631023373421343e+00
5.515878756480169898e+00 5.629268429251000683e+00
5.536338780267522353e+00 5.649052567947234316e+00
5.555872407016887671e+00 5.667981643706892392e+00
5.574480440126706071e+00 5.686054159322046608e+00
5.592163840530916197e+00 5.703268914049710148e+00
5.608923730371807359e+00 5.719625001635200157e+00
5.624761396512405476e+00 5.735121808443383706e+00
5.639678293901136286e+00 5.749759011701343070e+00
5.653676048802117826e+00 5.763536577856698706e+00
5.666756461905123388e+00 5.776454761056913689e+00
5.678921511329676264e+00 5.788514101755239061e+00
5.690173355537983646e+00 5.799715425449615935e+00
5.700514336171727869e+00 5.810059841561179717e+00
5.709946980827643515e+00 5.819548742459193846e+00
5.718474005786967851e+00 5.828183802639586908e+00
5.726098318713725099e+00 5.835966978064156763e+00
5.732823021336725944e+00 5.842900505667797617e+00
5.738651412129978979e+00 5.848986903040973573e+00
5.743586989006105981e+00 5.854228968294651558e+00
5.747633452037097079e+00 5.858629780114904761e+00
5.750794706216527885e+00 5.862192698014260905e+00
5.753074864277199829e+00 5.864921362786811088e+00
5.754478249577888782e+00 5.866819697173946579e+00
5.755009399072676501e+00 5.867891906747468411e+00
5.754673066376177815e+00 5.868142481016727530e+00
5.753474224937639825e+00 5.867576194766207287e+00
5.751418071336900972e+00 5.866198109629844559e+00
5.748510028714790998e+00 5.864013575908328946e+00
5.744755750350567070e+00 5.861028234635234924e+00
5.740161123398745957e+00 5.857248019897864921e+00
5.734732272797526953e+00 5.852679161418345544e+00
5.728475565361001998e+00 5.847328187400383293e+00
5.721397614067113224e+00 5.841201927646913816e+00
5.713505282553357212e+00 5.834307516953455952e+00
5.704805689832066484e+00 5.826652398782008468e+00
5.695306215237097014e+00 5.818244329219758093e+00
5.685014503613738945e+00 5.809091381226759054e+00
5.673938470763581599e+00 5.799201949176320703e+00
5.662086309156082464e+00 5.788584753691431217e+00
5.649466493918580134e+00 5.777248846780238978e+00
5.636087789116460911e+00 5.765203617272915970e+00
5.621959254335245681e+00 5.752458796561924714e+00
5.607090251576246409e+00 5.739024464646988122e+00
5.591490452477579254e+00 5.724911056485342264e+00
5.575169845872147256e+00 5.710129368647190340e+00
5.558138745694244598e+00 5.694690566275341759e+00
5.540407799246330534e+00 5.678606190347080585e+00
5.521987995837433161e+00 5.661888165235228421e+00
5.502890675804483323e+00 5.644548806564118948e+00
5.483127539927659555e+00 5.626600829354925892e+00
5.462710659250566536e+00 5.608057356453132414e+00
5.441652485315787935e+00 5.588931927229308982e+00
5.419965860825763038e+00 5.569238506542558476e+00
5.397664030738578589e+00 5.548991493953693954e+00
5.374760653807446609e+00 5.528205733173025216e+00
5.351269814571868899e+00 5.506896521725028748e+00
5.327206035807509288e+00 5.485079620809201195e+00
5.302584291440550324e+00 5.462771265333481452e+00
5.277420019930953998e+00 5.439988174092794004e+00
5.251729138127264385e+00 5.416747560061872413e+00
5.225528055593678722e+00 5.393067140766982348e+00
5.198833689407774905e+00 5.368965148696787537e+00
5.171663479424530863e+00 5.344460341707605977e+00
5.144035403999172473e+00 5.319572013372791730e+00
5.115967996157713138e+00 5.294320003220289728e+00
5.087480360199893248e+00 5.268724706795825163e+00
5.058592188714409410e+00 5.242807085482576568e+00
5.029323779980825471e+00 5.216588676000788460e+00
4.999696055726375654e+00 5.190091599502866693e+00
4.969730579198687437e+00 5.163338570171255526e+00
4.939449573507497249e+00 5.136352903217547450e+00
4.908875940179386888e+00 5.109158522171917127e+00
4.878033277859375794e+00 5.081779965342277272e+00
4.846945901081861408e+00 5.054242391312299354e+00
4.815638859020688223e+00 5.026571583337064553e+00
4.784137954114004110e+00 4.998793952484194669e+00
4.752469760443975844e+00 4.970936539357359685e+00
4.720661641734077207e+00 4.943027014228230875e+00
4.688741768807888732e+00 4.915093675391788430e+00
4.656739136332469720e+00 4.887165445549405796e+00
4.624683578646940241e+00 4.859271866013913588e+00
4.592605784452470807e+00 4.831443088521334417e+00
4.560537310113678799e+00 4.803709864425654175e+00
4.528510591293434473e+00 4.776103531045497341e+00
4.496558952613263216e+00 4.748655994926384238e+00
4.464716615000444477e+00 4.721399711778343722e+00
4.433018700350189967e+00 4.694367662847695577e+00
4.401501233097918409e+00 4.667593327483444021e+00
4.370201138262498120e+00 4.641110651663638897e+00
4.339156235487325652e+00 4.614954012255985560e+00
4.308405228572829593e+00 4.589158176799658762e+00
4.277987689962047035e+00 4.563758258613231256e+00
4.247944039611749822e+00 4.538789667056247978e+00
4.218315517655923053e+00 4.514288052800185191e+00
4.189144150247762433e+00 4.490289247998736855e+00
4.160472707952283855e+00 4.466829201287311868e+00
4.132344656055692234e+00 4.443943907587889264e+00
4.104804096161743132e+00 4.421669332747586445e+00
4.077895698461315277e+00 4.400041333097326479e+00
4.051664624091380063e+00 4.379095570080625777e+00
4.026156437045526282e+00 4.358867420170621010e+00
4.001417005161973961e+00 4.339391880365712773e+00
3.977492389798788608e+00 4.320703469629338933e+00
3.954428723910977439e+00 4.302836126715646081e+00
3.932272078371684909e+00 4.285823104899422198e+00
3.911068316530566857e+00 4.269696864203165632e+00
3.890862937176402081e+00 4.254488961785033219e+00
3.871700906267644626e+00 4.240229941216724363e+00
3.853626478011880518e+00 4.226949221437573456e+00
3.836683006110614524e+00 4.214674986219359987e+00
3.820912746235435975e+00 4.203434075012446591e+00
3.806356651060254670e+00 4.193251876067585648e+00
3.793054159436080042e+00 4.184152222736988946e+00
3.781042981552101168e+00 4.176157293852648777e+00
3.770358882171666703e+00 4.169287519059199809e+00
3.761035464255203298e+00 4.163561489942520843e+00
3.753103955474701436e+00 4.158995877745397252e+00
3.746593000277390395e+00 4.155605358398251070e+00
3.741528460260171496e+00 4.153402545518414257e+00
3.737933225663946146e+00 4.152397931947766629e+00
3.735827040781525277e+00 4.152599840307773071e+00
3.735226345989629326e+00 4.154014382955770301e+00
3.736144138962676386e+00 4.156645431629061527e+00
3.738589857403505246e+00 4.160494596966169745e+00
3.742569285337259188e+00 4.165561217999689703e+00
3.748084484665289207e+00 4.171842361623721906e+00
3.755133753274186859e+00 4.179332831952583760e+00
3.763711610552901821e+00 4.188025189406640258e+00
3.773808810700060690e+00 4.197909779286107756e+00
3.785412383719245710e+00 4.208974769524665760e+00
3.798505703516720899e+00 4.221206197251021308e+00
3.813068582048797506e+00 4.234588023728068862e+00
3.829077388029274776e+00 4.249102197185208318e+00
3.846505188313509738e+00 4.264728723009350020e+00
3.865321909736052941e+00 4.281445740714186599e+00
3.885494518901508876e+00 4.299229607064791736e+00
3.906987217219055619e+00 4.318054984696725995e+00
3.929761648333208957e+00 4.337894935534922780e+00
3.953777115036477774e+00 4.358721018289495319e+00
3.978990802751499078e+00 4.380503389283437521e+00
4.005358006735970200e+00 4.403210905851901558e+00
4.032832360286585427e+00 4.426811231545825009e+00
4.061366061390419446e+00 4.451270942373898976e+00
4.090910095484118436e+00 4.476555633327611083e+00
4.121414452223996605e+00 4.502630024454138180e+00
4.152828334433845470e+00 4.529458065771187592e+00
4.185100357672788540e+00 4.557003040356371493e+00
4.218178739144734735e+00 4.585227664990155105e+00
4.252011474946026048e+00 4.614094187785385159e+00
4.286546504912713829e+00 4.643564482296325124e+00
4.321731864578132409e+00 4.673600137664589482e+00
4.357515823980845582e+00 4.704162544427337167e+00
4.393847013270686830e+00 4.735212975682316028e+00
4.430674535243211309e+00 4.766712663374049086e+00
4.467948065091201570e+00 4.798622869533819113e+00
4.505617937794839101e+00 4.830904952371875893e+00
4.543635223680857038e+00 4.863520427182723260e+00
4.581951792766909115e+00 4.896431022081957352e+00
4.620520368571436443e+00 4.929598728645723682e+00
4.659294572114432320e+00 4.962985847570730691e+00
4.698228956861752792e+00 4.996555029513389812e+00
4.737279035377794045e+00 5.030269311301503343e+00
4.776401298450544175e+00 5.064092147740216099e+00
4.815553227440922512e+00 5.097987439256577602e+00
4.854693300587431537e+00 5.131919555643961850e+00
4.893780993968743331e+00 5.165853356178979894e+00
4.932776777793100642e+00 5.199754206390513112e+00
4.971642108645475844e+00 5.233587991762562730e+00
5.010339418282553581e+00 5.267321128651252238e+00
5.048832099523244743e+00 5.300920572691407706e+00
5.087084489739193138e+00 5.334353824960381907e+00
5.125061852406544105e+00 5.367588936156906243e+00
5.162730357137836457e+00 5.400594509040675284e+00
5.200057058571551316e+00 5.433339699365127728e+00
5.237009874457273284e+00 5.465794215521491139e+00
5.273557563236645152e+00 5.497928317096934414e+00
5.309669701384582829e+00 5.529712812534431698e+00
5.345316660742124526e+00 5.561119056066128330e+00
5.380469586040963925e+00 5.592118944076668541e+00
5.415100372791290972e+00 5.622684911037771016e+00
5.449181645678155661e+00 5.652789925140567995e+00
5.482686737587570747e+00 5.682407483738292520e+00
5.515589669361879999e+00 5.711511608698349285e+00
5.547865130364106889e+00 5.740076841750269665e+00
5.579488459913584109e+00 5.768078239904214755e+00
5.610435629639262345e+00 5.795491371003601344e+00
5.640683226783278492e+00 5.822292309465519011e+00
5.670208438475075496e+00 5.848457632253091454e+00
5.698989036985601331e+00 5.873964415115626281e+00
5.727003365961875758e+00 5.898790229124772466e+00
5.754230327634024533e+00 5.922913137527837435e+00
5.780649370980251334e+00 5.946311692933784698e+00
5.806240480829266914e+00 5.968964934841384462e+00
5.830984167874914803e+00 5.990852387514848054e+00
5.854861459573839966e+00 6.011954058207810370e+00
5.877853891893789040e+00 6.032250435733028660e+00
5.899943501877699781e+00 6.051722489372323821e+00
5.921112820986806469e+00 6.070351668118489918e+00
5.941344869184665534e+00 6.088119900239036930e+00
5.960623149723184966e+00 6.105009593149866909e+00
5.978931644591133576e+00 6.121003633585484494e+00
5.996254810585694983e+00 6.136085388051804479e+00
6.012577575967658738e+00 6.150238703546246910e+00
6.027885337661383680e+00 6.163447908529986918e+00
6.042163958961360493e+00 6.175697814136611896e+00
6.055399767707987380e+00 6.186973715601503443e+00
6.067579554896291860e+00 6.197261393896559944e+00
6.078690573682377085e+00 6.206547117554928050e+00
6.088720538753642053e+00 6.214817644671097874e+00
6.097657626030210665e+00 6.222060225062162608e+00
6.105490472666202706e+00 6.228262602576558393e+00
6.112208177321115876e+00 6.233413017537808187e+00
6.117800300672833202e+00 6.237500209310943511e+00
6.122256866145324494e+00 6.240513418980779825e+00
6.125568360825583092e+00 6.242442392131834161e+00
6.127725736545664326e+00 6.243277381720606201e+00
6.128720411107328125e+00 6.243009151032354431e+00
6.128544269628037888e+00 6.241628976715041688e+00
6.127189665988530543e+00 6.239128651884683130e+00
6.124649424363608929e+00 6.235500489297240101e+00
6.120916840819017324e+00 6.230737324583354386e+00
6.115985684958745949e+00 6.224832519543617160e+00
6.109850201608237441e+00 6.217779965503041240e+00
6.102505112520329789e+00 6.209574086724903630e+00
6.093945618091992422e+00 6.200209843885343020e+00
6.084167399081011673e+00 6.189682737611357233e+00
6.073166618313122100e+00 6.177988812086558923e+00
6.060939922371055388e+00 6.165124658730072760e+00
6.047484443258203335e+00 6.151087419955849178e+00
6.032797800030726521e+00 6.135874793021147688e+00
6.016878100392867523e+00 6.119485033974384258e+00
5.999723942251550923e+00 6.101916961714772825e+00
5.981334415227175683e+00 6.083169962177481516e+00
5.961709102118732950e+00 6.063243992660437343e+00
5.940848080322432168e+00 6.042139586310793398e+00
5.918751923203961596e+00 6.019857856791205108e+00
5.895421701425829220e+00 5.996400503148774597e+00
5.870858984232088851e+00 5.971769814911629837e+00
5.845065840694056547e+00 5.945968677441221928e+00
5.818044840921767324e+00 5.919000577571203792e+00
5.789799057246987068e+00 5.890869609566868448e+00
5.760332065385117772e+00 5.861580481442884683e+00
5.729647945584378732e+00 5.831138521680400366e+00
5.697751283772231723e+00 5.799549686389037895e+00
5.664647172710426837e+00 5.766820566963518857e+00
5.630341213171626613e+00 5.732958398289558666e+00
5.594839515152303377e+00 5.697971067558982305e+00
5.558148699138384607e+00 5.661867123759724230e+00
5.520275897442188828e+00 5.624655787912763216e+00
5.481228755631308402e+00 5.586346964134926374e+00
5.441015434072484780e+00 5.546951251614029132e+00
5.399644609616244040e+00 5.506479957591349894e+00
5.357125477450788154e+00 5.464945111455279836e+00
5.313467753157049778e+00 5.422359480060327641e+00
5.268681675000307152e+00 5.378736584396540898e+00
5.222778006497774683e+00 5.334090717746535759e+00
5.175768039306211321e+00 5.288436965480884488e+00
5.127663596478532426e+00 5.241791226657021241e+00
5.078477036144331436e+00 5.194170237603238149e+00
5.028221255675646262e+00 5.145591597687046992e+00
4.976909696406790040e+00 5.096073797486625701e+00
4.924556348985647425e+00 5.045636249605826684e+00
4.871175759443447717e+00 4.994299322396501317e+00
4.816783036081384139e+00 4.942084376878037588e+00
4.761393857285288966e+00 4.889013807172298165e+00
4.705024480394548014e+00 4.835111084803065395e+00
4.647691751768823210e+00 4.780400807243243122e+00
4.589413118216293164e+00 4.724908751129667905e+00
4.530206639970687732e+00 4.668661930605646049e+00
4.470091005432020204e+00 4.611688661294587099e+00
4.409085547918215831e+00 4.554018630454694794e+00
4.347210264712946248e+00 4.495682973914646219e+00
4.284485838740001995e+00 4.436714360443078320e+00
4.220933663247618206e+00 4.377147084260506915e+00
4.156575869949380220e+00 4.317017166460208166e+00
4.091435361143328286e+00 4.256362466163695402e+00
4.025535846420397412e+00 4.195222802295758058e+00
3.958901884680153582e+00 4.133640086921138490e+00
3.891558932299773677e+00 4.071658471137854285e+00
3.823533398455663868e+00 4.009324504566913916e+00
3.754852708781412307e+00 3.946687309510144459e+00
3.685545378767562053e+00 3.883798770860825478e+00
3.615641098575704149e+00 3.820713742837126503e+00
3.545170831261331923e+00 3.757490273555352811e+00
3.474166926787881859e+00 3.694189848354471728e+00
3.402663254682406269e+00 3.630877652606803174e+00
3.330695358747060908e+00 3.567622854479322037e+00
3.258300637919011589e+00 3.504498907715717149e+00
3.185518558186152482e+00 3.441583873954487505e+00
3.112390901441350444e+00 3.378960763336760653e+00
3.038962058320817228e+00 3.316717891132391571e+00
2.965279373450083078e+00 3.254949246756285497e+00
2.891393553141693218e+00 3.193754869776316951e+00
2.817359147474204129e+00 3.133241225235716243e+00
2.743235120845355812e+00 3.073521567718640046e+00
2.669085527526408264e+00 3.014716279962806222e+00
2.594980311409528007e+00 2.956953167351550782e+00
2.520996251942731803e+00 2.900367684196439644e+00
2.447218081010527513e+00 2.845103061285023216e+00
2.373739797944923069e+00 2.791310296721702056e+00
2.300666211464885258e+00 2.739147963764346105e+00
2.228114737421593272e+00 2.688781780486027895e+00
2.156217478723242209e+00 2.640383877299844251e+00
2.085123607259338208e+00 2.594131690729991391e+00
2.015002055074217147e+00 2.550206406916249335e+00
1.946044500945697919e+00 2.508790878532276558e+00
1.878468605910772027e+00 2.470066947215748154e+00
1.812521403892441541e+00 2.434212124165117341e+00
1.748482688430916809e+00 2.401395618692373279e+00
1.686668151845160057e+00 2.371773762551237841e+00
1.627431929924800569e+00 2.345484959784986945e+00
1.571168089302246607e+00 2.322644397471316680e+00
1.518310479160048798e+00 2.303338876215662356e+00
1.469330276715815620e+00 2.287622246299515716e+00
1.424730520396543243e+00 2.275512041369717409e+00
1.385036987527840990e+00 2.266987951674933388e+00
1.350784977556738653e+00 2.261992732685342844e+00
1.322501937670700567e+00 2.260435966587353906e+00
1.300686414431026172e+00 2.262200767923003841e+00
1.285784482191811851e+00 2.267153072373703004e+00
1.278165476810996681e+00 2.275152640232301682e+00
1.278099392731663508e+00 2.286064459343135180e+00
1.285738511720084576e+00 2.299768981040337668e+00
1.301105595982206653e+00 2.316169675491780655e+00
1.324090273468951695e+00 2.335196783757688799e+00
1.354454178640432049e+00 2.356806804015570744e+00
1.391844211978906953e+00 2.380978019015259850e+00
1.435812217292462778e+00 2.407703052186117798e+00
1.485838676106520317e+00 2.436979863954132686e+00
1.541357798092420683e+00 2.468802688856384542e+00
1.601781623032845658e+00 2.503154194247290576e+00
1.666521312112821729e+00 2.539999719049623295e+00
1.735004514803452969e+00 2.579283962910545291e+00
1.806688385788778772e+00 2.620930061312754411e+00
1.881068380665121165e+00 2.664840673121871006e+00
1.957683329929450711e+00 2.710900544776106535e+00
2.036117481558745723e+00 2.758979981868662001e+00
2.116000248850182341e+00 2.808938716118127399e+00
2.197004349288573355e+00 2.860629762157936185e+00
2.278842916321714540e+00 2.913902979810011562e+00
2.361266043208807286e+00 2.968608170415682146e+00
2.444057098909380166e+00 3.024597628163467888e+00
2.527029052395777242e+00 3.081728135293668291e+00
2.610020958444092543e+00 3.139862434946690151e+00
2.692894694880900275e+00 3.198870241245755697e+00
2.775531995989414025e+00 3.258628857748101737e+00
2.857831795936049524e+00 3.319023477152313717e+00
2.939707876253762731e+00 3.379947230816378934e+00
3.021086799609350226e+00 3.441301049006094903e+00
3.101906105853672990e+00 3.502993383795183657e+00
3.182112743846537306e+00 3.564939837424345725e+00
3.261661712401331847e+00 3.627062730429492898e+00
3.340514884952878738e+00 3.689290636337094753e+00
3.418639994564241391e+00 3.751557903333631927e+00
3.496009758231714670e+00 3.813804178032563552e+00
3.572601121854499073e+00 3.875973942197506794e+00
3.648394609549793000e+00 3.938016069907217087e+00
3.723373763130947811e+00 3.999883410027033293e+00
3.797524659486130272e+00 4.061532396853294813e+00
3.870835495290194217e+00 4.122922690299355430e+00
3.943296229958567878e+00 4.184016845893010483e+00
4.014898279026938077e+00 4.244780014068624929e+00
4.085634251234924186e+00 4.305179667690670620e+00
4.155497723526709208e+00 4.365185356384226445e+00
4.224483048979595701e+00 4.424768486024341918e+00
4.292585193350551442e+00 4.483902121616102576e+00
4.359799596510043784e+00 4.542560811753024730e+00
4.426122055526252375e+00 4.600720432850534003e+00
4.491548626584609849e+00 4.658358051399660305e+00
4.556075543289241914e+00 4.715451802559316619e+00
4.619699149203179367e+00 4.771980783495991751e+00
4.682415842751860069e+00 4.827924959979709385e+00
4.744222032845486936e+00 4.883265084850044957e+00
4.805114103776712220e+00 4.937982627072005748e+00
4.865088388124691576e+00 4.992059710206322443e+00
4.924141146549152914e+00 5.045479059219885265e+00
4.982268553491953078e+00 5.098223954659513169e+00
5.039466687921275501e+00 5.150278193303335250e+00
5.095731528357173801e+00 5.201626054490815498e+00
5.151058951508953321e+00 5.252252271412329421e+00
5.205444733935959079e+00 5.302142006713461697e+00
5.258884556215389416e+00 5.351280831838164609e+00
5.311374009164749666e+00 5.399654709597093927e+00
5.362908601723257895e+00 5.447249979505555117e+00
5.413483770147463403e+00 5.494053345487386331e+00
5.463094888221010414e+00 5.540051865588659474e+00
5.511737278218760139e+00 5.585232943388349192e+00
5.559406222401115372e+00 5.629584320831252597e+00
5.606096974845934611e+00 5.673094072243915598e+00
5.651804773453756425e+00 5.715750599325130743e+00
5.696524851986673355e+00 5.757542626930526097e+00
5.740252452023597129e+00 5.798459199495961336e+00
5.782982834733862099e+00 5.838489677966014924e+00
5.824711292388412787e+00 5.877623737113977676e+00
5.865433159542885910e+00 5.915851363156701126e+00
5.905143823840087514e+00 5.953162851583052806e+00
5.943838736391033883e+00 5.989548805128045217e+00
5.981513421703547273e+00 6.025000131836456774e+00
6.018163487136371614e+00 6.059508043169860692e+00
6.053784631864167487e+00 6.093064052119978591e+00
6.088372655345153817e+00 6.125659971298669682e+00
6.121923465288779731e+00 6.157287910981907864e+00
6.154433085125463165e+00 6.187940277090142160e+00
6.185897660984277735e+00 6.217609769092786287e+00
6.216313468187873781e+00 6.246289377828420974e+00
6.245676917276507645e+00 6.273972383235577155e+00
6.273984559575349174e+00 6.300652351992305000e+00
6.301233092320945417e+00 6.326323135064495062e+00
6.327419363364017002e+00 6.350978865165423315e+00
6.352540375467050637e+00 6.374613954130232685e+00
6.376593290215606835e+00 6.397223090210340857e+00
6.399575431562992911e+00 6.418801235294070651e+00
6.421484289028199122e+00 6.439343622060000882e+00
6.442317520567041100e+00 6.458845751070629859e+00
6.462072955136653363e+00 6.477303387814004054e+00
6.480748594972975951e+00 6.494712559701216747e+00
6.498342617601085891e+00 6.511069553028091761e+00
6.514853377597504824e+00 6.526370909908936646e+00
6.530279408123446316e+00 6.540613425190642261e+00
6.544619422247478724e+00 6.553794143355008650e+00
6.557872314075548381e+00 6.565910355417128308e+00
6.570037159705948149e+00 6.576959595827418958e+00
6.581113218026059641e+00 6.586939639384697287e+00
6.591099931367405240e+00 6.595848498167364404e+00
6.599996926034925160e+00 6.603684418489620178e+00
6.607804012725771337e+00 6.610445877889126187e+00
6.614521186852549306e+00 6.616131582152634749e+00
6.620148628785348599e+00 6.620740462385311886e+00
6.624686704026384376e+00 6.624271672129666833e+00
6.628135963330705316e+00 6.626724584539490870e+00
6.630497142785841902e+00 6.628098789613854791e+00
6.631771163862975271e+00 6.628394091496328855e+00
6.631959133451741373e+00 6.627610505843830602e+00
6.631062343890335775e+00 6.625748257269736818e+00
6.629082273002493864e+00 6.622807776865398566e+00
6.626020584152286119e+00 6.618789699803992121e+00
6.621879126327647747e+00 6.613694863030727511e+00
6.616659934263196874e+00 6.607524303042777269e+00
6.610365228612653077e+00 6.600279253762589171e+00
6.602997416181163537e+00 6.591961144507821224e+00
